image_width: 640
image_height: 480
camera_name: narrow_stereo
camera_matrix:
  rows: 3
  cols: 3
  data: [534.84647,   0.     , 311.54933,
           0.     , 534.07962, 213.11761,
           0.     ,   0.     ,   1.     ]
distortion_model: plumb_bob
distortion_coefficients:
  rows: 1
  cols: 5
  data: [0.016364, -0.067648, -0.003636, -0.013470, 0.000000]
rectification_matrix:
  rows: 3
  cols: 3
  data: [1., 0., 0.,
         0., 1., 0.,
         0., 0., 1.]
projection_matrix:
  rows: 3
  cols: 4
  data: [532.28003,   0.     , 303.22573,   0.     ,
           0.     , 537.57919, 211.28579,   0.     ,
           0.     ,   0.     ,   1.     ,   0.     ]